[ 데이터 ]
7.5	3.6	3.5	3.3	1.5
7.4	3.2	3	2.8	1.2
6.6	2.9	2	2	1.1
7.7	3	2.2	2.2	1
7.9	3.1	2.3	2.3	1.2
7.7	3.3	2.6	2.5	1.3
7.7	3	2.3	2.2	1.4
7.1	3.2	2	2.1	1.4
7	3.1	2.1	2	1.2
7.9	3.6	2.5	2.5	1.6
7.8	3.5	2.5	2.4	3
7.4	3.4	2.1	2.1	2.7
7.5	3	2.1	2.1	2.5
7.9	3	2	1.9	1.9

1. 다음의 데이터를 읽어들여 다음과 같은 프레임 형태로 변경
	20대	30대	40대	50대	60세이상
2000년	7.5	3.6	3.5	3.3	1.5
2001년	7.4	3.2	3	2.8	1.2
2002년	6.6	2.9	2	2	1.1
..............................................
2011년	7.4	3.4	2.1	2.1	2.7
2012년	7.5	3	2.1	2.1	2.5
2013년	7.9	3	2	1.9	1.9

2. 2010년부터의 20~40대 실업률만 추출하여 새로운 데이터프레임을 만들어라 
3. 30대 실업률을 추출하되, 소수점 둘째자리의 표현식으로 출력
4. 60세 이상 컬럼 제외